320
837
7
577
472
126
731
484
413
266
352
217
691
176
969
300
953
106
402
332
380
840
885
103
407
893
59
934
751
66
20
364
776
499
218
301
794
290
167
929
627
50
158
136
45
907
742
461
107
347
858
965
459
326
540
95
349
389
41
836
813
568
783
513
365
647
447
47
972
234
226
173
725
785
443
944
386
60
542
403
687
269
548
69
27
230
901
721
227
672
546
896
954
826
523
104
392
70
943
4
135
711
156
697
308
436
479
505
939
14
945
431
669
55
111
404
979
892
514
599
620
580
850
498
408
744
857
64
536
767
238
756
450
425
476
138
928
274
58
39
363
420
423
427
949
681
113
612
788
888
426
124
379
94
715
351
981
345
244
356
537
658
462
151
547
6
583
97
739
520
535
468
96
653
847
916
660
249
67
931
118
663
558
192
696
253
481
790
240
748
247
521
324
917
149
784
367
976
453
200
700
71
61
473
909
10
178
820
600
843
254
899
184
256
248
798
153
618
405
246
803
383
35
203
215
467
867
796
169
33
260
475
93
400
575
40
924
157
683
702
517
422
115
532
294
471
507
132
975
503
197
951
812
841
958
452
679
659
185
765
297
727
749
733
175
36
369
777
941
607
437
222
887
90
432
817
922
340
434
500
625
101
72
680
848
261
278
705
130
110
967
641
291
825
344
818
331
933
179
313
864
675
209
637
966
952
628
406
602
493
17
651
897
515
221
830
241
699
593
190
496
15
267
970
490
581
816
174
504
62
718
587
623
910
77
611
21
723
662
252
935
325
48
239
962
676
411
728
644
838
23
463
337
424
567
591
726
216
350
871
908
694
787
273
418
560
464
446
378
87
366
913
166
2
316
973
791
831
531
348
284
595
262
312
582
869
553
374
786
902
485
421
745
394
125
293
506
703
295
251
529
806
131
37
309
25
729
589
565
397
714
974
419
713
760
361
964
155
661
304
477
889
576
286
387
396
444
833
109
968
122
754
911
876
330
873
883
544
906
834
442
557
903
615
667
863
30
948
398
554
474
208
550
977
799
336
555
233
199
626
666
154
395
668
938
598
128
743
358
390
430
311
758
388
152
319
640
401
52
187
204
802
302
417
920
373
793
755
740
890
355
563
839
861
368
578
875
824
78
541
29
333
695
54
693
372
257
391
886
815
878
228
220
912
440
636
89
79
362
942
677
775
76
292
674
317
49
100
769
629
801
258
75
283
219
884
778
545
634
947
708
414
688
566
211
772
148
164
821
488
571
281
265
877
129
665
206
354
65
334
34
359
83
501
5
978
287
140
564
862
399
146
42
150
9
73
950
85
538
664
445
494
88
960
323
527
874
288
692
210
46
455
270
236
310
771
449
116
16
638
53
613
346
632
797
147
315
603
491
509
303
223
435
570
761
828
482
768
31
757
592
191
905
690
810
524
528
735
285
170
81
263
946
198
630
800
486
852
13
193
556
19
709
415
551
639
805
631
849
11
961
853
451
188
707
808
633
43
716
717
497
866
84
780
543
24
750
277
657
701
738
671
307
552
650
105
328
918
460
845
980
753
572
842
811
318
180
327
670
478
579
809
868
120
195
117
502
710
416
646
904
606
123
357
338
792
763
282
759
914
393
353
673
242
804
339
921
298
610
648
410
3
779
621
343
609
92
91
183
923
684
900
522
139
98
585
483
144
562
480
264
614
141
255
177
795
823
121
829
409
28
384
212
959
456
588
82
957
163
382
510
856
371
26
643
844
601
616
719
781
605
814
712
243
143
145
306
846
235
518
652
370
8
161
428
782
971
770
741
963
604
720
454
159
44
872
608
214
171
734
774
764
296
492
766
22
525
465
925
457
642
231
433
165
526
271
245
881
108
32
335
508
133
678
851
561
1
314
724
746
268
569
617
182
207
458
624
412
377
534
375
835
112
519
956
381
186
12
38
275
250
859
142
656
429
891
487
789
68
160
438
181
114
441
752
194
57
549
299
448
596
280
279
305
237
649
18
202
469
229
737
559
955
698
470
655
736
74
855
685
880
879
533
645
119
205
168
832
936
854
376
686
586
63
232
341
51
213
926
342
516
259
512
201
80
573
822
932
99
439
882
134
102
930
86
689
321
819
289
773
590
276
137
937
927
732
0
940
706
360
385
574
127
919
722
865
162
682
56
539
730
329
807
898
466
189
619
827
915
172
594
530
511
225
747
597
894
704
495
870
635
762
622
224
322
654
860
272
489
895
196
584
