6944
1659
4342
2710
5888
4852
6952
11240
7367
6736
10481
8137
8012
9139
9675
2879
9543
9313
9193
2023
6370
9936
2793
4591
9442
6094
8792
7018
10714
9760
11473
8719
9682
11264
4511
6432
5504
7249
11337
10233
4744
10148
1506
1127
3220
4585
10073
2848
6919
4476
7577
7816
4899
5000
5478
894
327
5462
3682
6913
8534
561
8752
3693
3899
517
1991
6824
8545
8940
2815
10743
6967
3370
8273
4730
5835
9710
4030
4429
45
969
7741
2682
9133
3346
7405
249
9053
6448
2401
104
2631
5952
8159
8734
4063
6416
7199
5091
105
10428
5570
10532
9201
1008
7752
3257
8773
4467
9691
6332
6794
9469
4297
2561
3002
885
5845
9480
1429
3961
4311
4158
822
9021
9085
7494
6637
818
3978
9598
683
9879
10272
1
8106
5402
10222
9427
8788
4953
8528
7989
4906
8347
2731
8611
7887
5605
2533
3442
1005
8609
7045
3562
457
6890
2885
11076
5580
2568
7920
10668
6732
1797
6703
5029
6374
8367
9232
8839
4828
4043
10448
7343
4477
4424
2350
2384
4558
5742
773
1768
8183
9823
3608
995
6269
7398
1300
8214
9833
10361
4366
11338
10778
2658
10144
1071
5336
153
5829
6298
7334
6413
8246
10186
1244
4603
2324
10300
2556
5165
4669
3674
11421
5084
1105
6518
6459
11307
1895
6539
9435
6152
11340
1074
2057
10774
4085
9566
354
7122
9980
7859
976
4559
7117
5382
4495
4972
9795
10750
186
7070
2679
5818
10906
7455
245
10215
10140
3544
6143
6792
8860
2695
2796
2655
4544
9618
4171
9588
9365
583
3463
3956
4153
9641
9869
1892
4889
1917
127
3102
10153
5496
3047
4059
10764
4363
5544
3213
10741
1000
2899
315
2540
2224
8639
4925
10818
3916
10230
10666
9570
4131
8228
6392
2343
10071
2113
5271
7125
4924
231
210
572
4323
3836
2610
8561
7344
2044
6560
2440
8794
6787
10904
7109
5870
2998
8483
10757
1762
3514
4850
9737
593
1787
4534
6827
240
4112
2134
8144
3084
9376
4277
11495
5265
6876
619
4597
6704
888
6625
4623
833
6039
6677
7905
11177
7068
11033
8878
4192
4851
8222
10313
3202
3905
2158
8019
3581
10287
9726
6093
10241
4553
9425
4115
5322
2032
6922
2195
8209
5420
7986
6654
10295
4386
5411
7782
8691
8517
8712
2288
2542
6041
3639
7663
11522
9161
5065
9933
2905
11492
5458
10921
5506
10187
2034
2947
9367
3686
10964
9769
11316
3741
8143
10962
5988
7395
10988
1968
578
10837
4891
10977
10515
10843
9940
5077
7349
454
11379
2208
3797
11544
10290
2748
9380
1426
821
8369
10928
5113
439
11174
6974
8565
10076
2366
1401
11304
10113
2037
9291
3013
10454
1097
2650
520
2863
2229
7105
8497
10768
10979
366
2625
7014
4705
8548
7187
1894
9086
9891
8834
1643
12
8819
9768
4918
5466
7164
7945
130
4549
9894
4358
7619
5792
7250
855
10848
5163
11169
3050
533
2412
10554
2716
10098
2560
11384
3508
8253
5788
5931
8332
1827
9655
1540
3724
2783
386
8976
267
3808
9242
10578
142
10013
7833
5425
5479
1285
11102
10147
2419
10534
10232
7962
7672
5378
5373
2543
4883
2657
6828
3764
3550
7423
4934
1792
6577
2282
8431
8378
6568
962
9673
5254
3685
283
3421
6520
7017
7320
8293
8056
10337
6084
4091
376
1356
3075
459
8186
10223
4581
7650
7026
594
4031
8141
4922
2518
1729
8275
10990
7810
9550
2393
1307
3
3198
655
5116
9610
2520
5491
381
10445
5689
1630
11400
5367
7814
7104
9639
2390
7232
2086
3879
1451
9492
7748
6288
5981
6446
10506
2306
11444
5912
4514
8334
1733
1709
1687
1354
9842
2771
1051
10456
1966
3339
595
8051
10394
8576
11136
8203
412
7867
9966
5443
8603
7219
2365
1154
4681
10036
10054
1421
11445
6048
5643
2636
6678
8338
10347
841
10605
10873
2983
2193
10700
5007
2704
1469
8533
3644
6162
10733
1500
7023
5104
9192
772
3118
5357
11011
1479
9630
8949
4528
3260
2574
6414
1108
5691
3906
2847
2066
2325
8909
9129
5819
8472
1967
4288
10946
44
7379
5006
5022
5847
9034
10368
4417
7281
2712
6398
845
1704
6133
1915
7341
3038
7422
11250
1494
5001
7006
3521
10612
4715
3842
8755
526
5005
3026
3460
5919
7074
2668
4890
2379
5626
4497
6622
7078
4361
2523
9681
8811
11016
4911
9845
8802
8919
6455
6989
5785
6479
7262
7842
11195
10594
10856
10811
7206
7772
3972
8584
10213
1879
7825
1542
6595
6938
2883
4002
9373
8519
7202
5308
6603
10421
1874
3450
8286
7024
5786
1062
2214
9947
10360
10797
667
6687
50
6371
404
10974
4714
7399
4671
1263
9552
297
10721
6799
8008
3321
6460
4267
4136
11084
3994
10392
8385
3459
1836
7766
3829
198
9424
2182
5589
3730
4269
2745
3811
6887
11278
8902
5278
5036
8157
10833
10761
7689
2566
335
5169
7157
1556
5042
2001
3596
4908
1809
10490
9706
8800
8577
7481
7722
8201
4694
2607
8175
777
5467
4678
4611
9171
6816
8955
8165
2490
496
9763
2482
10201
9613
3575
6916
8504
568
4071
5331
7709
9780
7123
1887
5048
10845
10953
6172
8383
2786
1365
9989
10849
6719
5363
799
5423
8927
1815
650
6562
3569
2672
10788
6993
9846
2126
8251
5288
5016
10282
7223
8104
6901
987
10571
1637
846
6241
7518
5294
1387
2461
7350
1881
10090
9207
11037
2036
2873
7461
8091
4509
1427
3767
7238
5804
1566
1538
2260
9909
1499
8359
2503
7582
5100
960
2499
197
9279
9027
1755
10938
9971
3097
1550
7907
6445
5222
1277
4326
807
9528
11430
6584
3722
2278
5725
7252
4088
9741
5762
485
9238
1078
8598
7167
3946
2709
1718
358
9807
7197
3528
9892
2409
8890
3728
11080
7928
2199
1819
1098
11312
761
9184
8596
9597
7637
1125
5424
1513
11296
9379
3615
4783
4220
8453
4751
6556
9372
6276
10494
8312
2192
4759
7769
5542
4958
631
5634
7335
11100
2519
6361
91
3875
10167
7459
4994
6186
8698
4665
9400
9922
3453
1168
7638
4947
5934
10047
8193
1270
1287
1364
6954
1840
1100
8683
8884
8357
3536
3492
3855
9485
9240
1472
4734
4474
8540
7999
1730
3679
3799
7015
2
10334
5734
8255
5145
3698
3475
6183
428
1618
9590
5245
9788
9981
2368
546
5557
8305
7476
9643
9115
1019
549
7230
5791
2667
10308
2853
9797
10264
10656
6591
6141
8591
762
9959
8888
5637
9306
3713
4127
4240
11354
6720
2635
9644
6667
6813
6718
7844
7499
916
11402
10859
5915
3591
8654
4259
949
4620
9913
4863
2382
940
3637
8127
95
3443
8710
5595
3470
3034
10407
1766
4921
1831
826
11127
7485
7664
6049
6328
4667
3963
7150
9770
10748
9858
3360
6485
3176
6027
1989
3534
11291
598
8885
9767
1658
1166
7904
2926
5276
11101
8798
957
9526
342
1234
3295
10602
5990
6119
1115
4119
2921
10590
7365
8355
3943
2489
377
8827
68
2886
7550
10881
2575
2810
10635
1530
530
3155
557
644
10705
2817
7226
9183
6714
271
11527
5050
5199
10039
11064
101
10418
359
10114
8826
2801
9609
3793
2767
6108
1583
10310
3595
143
9757
2430
8038
6043
4145
10197
7265
7787
9362
740
714
1777
6101
6440
3563
4238
1913
11246
5879
10857
10535
423
7036
1066
1254
2235
4243
4234
2454
6802
11529
1476
3127
6116
349
8841
10261
1853
4975
9455
3190
3096
4900
6734
10389
11415
11065
2619
8350
8486
8514
5474
8412
4638
2422
9040
5119
6428
8396
5430
7612
10815
7865
10413
6071
10537
9554
8506
498
5962
5021
10613
11521
11251
10710
4586
11499
56
9932
6521
4151
1153
7181
1121
25
1251
1068
4272
5235
10217
10243
74
10472
3217
10495
5704
6747
9051
7670
5445
7228
4580
5654
9578
5883
4907
5293
460
10787
3068
9535
6390
3252
7853
8188
7872
6104
7533
3989
7519
11242
6389
11423
1133
6231
3816
6224
2781
8993
9814
2908
4339
6245
4125
9170
6060
4760
7955
4149
4300
3322
1716
4187
5064
4177
6285
482
3625
768
7073
2473
8979
3392
11342
6076
10792
1821
10501
7201
10229
6674
1261
10038
11439
7656
8945
7943
4777
6563
5261
3367
9910
6806
10225
4986
3598
8114
11500
6633
4484
4683
1465
6168
1223
3565
10354
6880
7345
4717
9090
11176
5728
8776
8830
4159
10181
43
10486
66
10740
9080
11156
9829
6006
10420
1122
8337
3806
4601
9122
10385
10304
9871
5906
4917
4427
5107
2471
10937
4169
1911
1877
7466
5810
3912
225
6058
5099
9297
8770
7414
10135
9402
2895
3043
11124
1794
2555
42
11457
7129
5073
5868
361
9093
8152
9321
432
8828
5961
3803
5562
4452
3286
3680
3849
2071
3456
6597
3599
1849
8637
9069
10046
3438
7448
6501
3952
3854
5840
1417
6837
713
2746
735
372
3330
3391
10895
3109
7302
4541
4951
330
628
10569
5499
9533
8156
6843
11272
6867
8067
10045
8672
11487
2019
4074
3235
8879
8778
8610
4804
11424
4884
1865
2239
5809
8944
3345
11488
3858
8538
6159
3859
2591
10891
2022
853
9568
7721
1527
2546
717
536
6770
2780
7317
3424
4781
9778
5393
1291
3142
1144
10158
7089
3687
6318
4686
9048
6097
10835
4306
3887
2889
11413
265
7578
10004
151
1661
13
6682
6818
2018
5771
6484
3228
5578
11049
10541
3553
984
7708
5115
7144
8230
2985
724
1170
5832
10377
9158
10650
10477
11290
3078
8441
7
5946
5052
5074
2871
6711
7361
11516
10082
1128
1907
7789
4812
4126
7534
2312
1229
9258
4440
4376
4721
4663
3888
10048
3409
10154
8612
9282
7851
11223
5176
7893
1964
3900
9790
2866
1693
2472
7779
963
3610
1868
5936
2989
5899
3268
4991
9120
11528
10576
9878
7444
5980
402
6786
11171
3126
16
6031
9715
4120
4741
9525
5082
10712
145
10691
8087
5220
8536
11422
5983
2666
5744
3275
5661
8893
4076
1970
2652
1662
5920
11243
7665
6023
9087
8994
1653
9337
10841
8267
3015
5602
3530
7141
737
7849
5723
189
8820
728
9315
6573
569
10553
3712
6237
11009
336
6482
6655
6559
110
10342
9191
8480
4933
10126
936
1334
4
2564
7704
7498
4051
2938
10219
8529
5136
2474
9582
5470
2964
8907
7480
6823
3471
5712
4551
4109
3403
5139
11302
11427
11110
11289
521
9239
3624
1400
706
10214
5849
1785
1897
3506
1325
11420
1053
10487
1409
340
2527
7178
6850
5014
8409
4810
2341
6191
7458
10086
3308
170
8023
11188
5372
8871
4242
7819
5198
5449
4737
8124
9824
5937
11284
10132
1602
5680
7108
10739
7330
10294
499
3196
9123
10470
2464
3801
5177
8868
8211
7294
9223
3110
8874
2979
1219
11542
10095
7802
53
8997
3594
87
10801
10496
900
8393
575
5266
11146
9565
8728
2770
2097
607
2615
10505
11
1861
2129
419
8947
10862
7022
7363
6130
4437
10136
7003
6473
10580
9100
10852
1732
10711
9175
9542
4831
6253
2825
2305
9727
5722
8707
7205
5923
11142
6754
10736
6953
4384
4606
11446
6906
8107
4564
9899
4516
7797
2698
7683
3720
4838
8606
8643
2593
6984
229
5333
5297
4646
7240
6382
534
797
1338
3545
10275
3824
9624
793
6673
4805
2200
10503
2143
5974
10435
8442
8422
3018
9465
6651
6886
5461
1751
2838
6165
6668
3269
6561
1930
11219
4348
6325
2069
7184
5705
2004
11038
9538
9614
3419
502
11443
7711
4041
6853
8818
3794
5709
6866
8174
10189
5157
3539
2111
955
98
1048
5530
9755
1102
7900
1220
3208
4981
7452
10556
11370
10555
8198
3313
4054
8737
9491
1720
9640
10876
3554
4675
1016
5935
10548
8848
3576
8990
2782
7391
8439
8749
9157
8763
6793
3487
9556
4658
3163
6025
506
6146
10183
2026
5439
6728
509
10636
9692
7384
6397
9224
10639
5856
6128
4365
10716
10588
8261
2356
8239
9911
1731
5707
6204
8859
970
3103
766
5075
11339
6281
3776
2538
3435
3130
4462
11431
2231
6064
9794
235
8781
2916
338
3139
8093
3987
6278
10444
6077
1324
10596
1899
1067
6710
2795
11277
4895
7922
9951
1046
11041
2956
1370
2065
7386
610
3772
8809
6438
5743
7193
1698
7948
8574
4461
1410
906
8424
4609
7767
5495
1710
8742
3629
8191
7029
7882
2633
6903
710
687
7058
11441
5149
10152
10453
9152
4993
5309
7979
6859
5616
3559
8388
6053
9987
10529
850
10422
5364
6260
1296
3289
11155
3622
2147
5749
8309
10957
8468
5571
2067
4191
2924
7700
8842
1249
7888
9319
1183
5385
1652
1941
937
11355
9859
6111
10954
11320
10160
1606
6583
7038
1088
5018
3474
19
2402
34
9307
11459
4033
8234
1531
6280
8696
4766
5549
4962
5464
9901
5568
295
10380
5498
7216
4320
9605
5366
2530
3280
10865
3148
1560
5484
6103
2029
10720
5473
11051
7734
6139
641
5519
4413
8917
6790
5828
2090
3045
1186
4155
11161
5272
8981
3921
2031
1514
4949
10577
2399
4720
8318
4095
10442
6748
10766
7112
4048
3358
8789
4135
953
11097
6312
3532
416
5632
1372
6391
8821
7359
2664
9881
2870
9010
3150
1214
2092
3516
7993
8894
285
5846
9787
9828
10350
7286
742
10104
4912
602
3315
4510
897
9820
10531
8975
1225
8722
6533
10950
9391
6980
1197
783
10907
11026
11149
8162
7424
7973
1761
1340
3930
9194
6214
9310
1999
5087
11450
5514
3883
5450
11241
8918
5218
6995
9739
2423
2804
3634
5748
5285
2475
7160
10840
10102
9811
1605
8779
4036
7019
8068
4147
6588
449
7729
611
8363
6910
8867
4827
8217
2722
7046
304
1363
2740
11096
470
1976
9700
1257
10403
11299
6840
8034
5088
2548
8743
1453
4055
3378
9985
5789
4453
3881
7339
10930
2733
8575
9576
7293
9284
1162
3866
1635
2934
7830
10028
4987
6709
97
4782
6490
5802
10088
6012
2285
7573
10528
2842
6267
2021
4792
4327
901
1227
6685
1574
5730
35
7555
1828
3833
3638
6576
571
2155
10391
2605
5746
5387
7258
5955
9835
2434
10188
8018
909
7501
1997
6680
10968
9228
5745
7301
7297
7031
6022
9539
4129
3337
7507
8284
8294
10984
8883
2644
5341
2901
8549
4423
1236
1385
3655
1348
3264
1003
1175
5575
723
4077
3805
9245
1322
4855
6317
7010
3778
1759
2496
9062
0
6795
1981
4449
3917
2837
144
2806
8971
4483
910
7520
3892
5213
3082
10855
1918
8265
5486
6604
4718
7364
2660
1691
10103
2316
11416
8146
11321
5528
4532
9503
1896
180
5837
1190
5948
8716
8021
4920
4501
6124
6535
7210
6074
310
10431
1708
7336
5083
4084
10345
9209
4871
7615
6669
935
8695
1711
10697
4647
58
3845
11283
4995
9756
10808
11216
10133
10303
4605
4814
7198
10621
8687
6983
11147
2862
10806
9838
11015
5399
948
7642
6303
5534
8512
1014
8704
9399
692
11099
4757
9840
811
7799
4806
8970
5997
1543
556
8491
1765
7403
10999
7217
1951
6492
6151
8345
9336
5664
2088
6865
461
555
3317
8195
2062
6059
8515
4181
7487
7845
4404
9044
5408
10180
10718
5529
11315
10198
2544
6750
3181
1626
11524
1610
11494
1201
1572
8437
4094
3413
2868
1541
10525
551
7381
1012
6999
1978
10771
135
5182
2387
7580
4548
2310
8510
7400
2342
4443
5434
3119
9711
1557
477
2272
1278
7449
11350
2708
3072
4458
6016
70
3993
8324
4121
6226
2222
733
5871
4825
9404
633
8315
2830
743
9412
4302
314
10649
4886
1893
779
4188
875
8984
6056
211
3750
474
1743
1023
11456
4261
9839
3400
467
4248
2595
8492
4330
8212
10112
10658
10715
2249
3560
11540
8083
804
776
2093
1117
1534
7652
9422
2654
5024
5954
8189
2689
7465
272
1123
3962
6990
3324
4270
7749
9912
6923
7551
7614
11108
4082
205
7564
7602
9179
9356
10919
553
10291
754
6233
10339
10312
1437
10297
1612
2608
4325
6125
10139
11150
8343
2500
7292
350
8500
967
7694
10782
3000
1634
3005
2813
574
10025
9011
6291
4102
5850
2761
10863
3886
162
2681
3024
2874
5236
727
9705
2663
5779
11079
8701
1554
707
7547
9530
10916
980
8346
11412
891
3385
2630
99
7347
3611
339
10182
7111
1230
6992
3582
2232
637
5921
2601
10249
5459
11139
11398
1628
8467
10288
5164
8744
10574
4765
10091
2614
1650
5211
7479
10447
1070
1120
4198
7611
11123
2267
3223
9444
2502
1880
5947
4853
2127
4493
11044
10452
4291
7901
1189
2762
9745
2629
4065
5938
4682
5959
11008
7841
8962
7086
7601
5930
7215
5992
472
9088
148
3877
3224
1396
7858
7777
8856
6040
5673
2378
8344
8400
2027
6964
10306
6751
10251
10485
992
579
9965
11344
7425
3959
10983
368
10301
9270
6671
6442
8208
9483
3301
2617
1982
7747
5945
2776
7069
6252
8956
9254
3373
11119
6127
8680
8485
6313
8377
8099
4024
4394
4874
5315
168
3008
8912
8112
286
9921
4992
9546
5943
2915
257
879
3048
2597
3415
7919
2744
2254
3374
4280
239
7921
9374
6380
3600
5824
10323
5269
1080
8689
2603
8850
7474
7623
7785
2571
1264
3503
3356
1812
3911
10826
9454
1584
2933
2726
9594
11476
8941
5231
7838
2626
9935
586
3852
1248
8905
11469
10971
1672
1802
1746
4748
2596
3789
10305
7606
4397
907
1937
3233
3607
2878
4431
3980
2122
9615
11207
7563
1450
7260
585
5303
4246
11386
3630
4146
3299
10727
3919
7009
10638
7372
8190
4592
7963
5347
6544
5564
2043
9832
554
11512
1712
6167
6489
2950
11022
6411
10530
1304
11363
11329
8407
3239
10070
4398
9773
10430
7357
2576
8524
2966
11322
3650
636
6948
5344
3920
4868
8930
7607
7064
5603
6909
2058
3818
2000
7253
7431
6055
6581
9035
4957
7488
7594
1510
8931
4215
8523
9844
4278
1113
3422
5330
7629
6099
972
11129
9101
6213
9782
11140
10240
5740
2317
4622
9534
8423
4554
9617
11407
3631
9749
7186
2494
3966
11545
10557
523
4961
10278
6403
4547
4829
1863
5056
9803
4430
2995
8043
1026
4494
9065
7282
3996
6905
5131
2039
3751
9078
129
1677
7714
2189
10000
3140
3823
5346
9512
3738
8865
5300
576
5030
8829
4598
10805
10652
5801
2624
7340
24
6457
10488
11012
4621
3903
7285
7707
6456
3871
3446
3850
3014
7567
6166
4047
10661
6851
378
396
7541
5877
9716
9850
1862
9304
5305
5151
2300
4590
4218
9544
688
6933
983
2951
8340
421
1963
4739
10886
7760
6157
4550
8711
1740
4701
2087
9188
9551
1564
5565
3405
1805
3353
582
7268
8866
9693
1315
6476
6232
9668
8071
9963
7103
3278
1654
741
3950
5179
5867
1728
8621
8915
10419
511
1555
6955
10365
3670
10284
5695
10779
2175
5541
387
1294
7862
3891
11160
8216
6723
11482
9999
6644
7935
1489
6891
3761
2277
9257
5715
4124
10441
4144
7565
4370
10449
4978
3826
9447
6804
3515
8613
5398
10406
10052
159
8398
11234
8254
7699
5015
6947
7235
5741
6695
5753
7552
3851
7801
7001
7304
802
9350
8760
3924
7380
7590
6244
5174
5621
5040
444
10286
11535
1057
10246
6600
290
10327
8050
3827
5394
7305
8988
8964
3388
3227
273
4022
9853
10178
8541
8451
8655
1341
6047
9243
3991
8676
10119
1061
3985
6881
7175
9766
10203
9393
1384
7540
10245
5457
9717
2124
9600
5941
11504
1054
10141
5274
7246
2125
9448
6626
8279
2809
6299
6746
1260
6522
6174
2433
635
2011
3320
7355
10735
2187
115
1987
10948
2797
810
10963
11056
8391
947
11023
5124
9886
10007
859
4204
796
1242
5940
317
2432
10388
7727
7177
9222
1611
2030
4506
11418
9885
3173
7559
7407
5094
3695
3052
751
8045
8873
1702
5796
5407
6726
1838
10409
9005
2243
10316
4237
5301
3708
6878
2648
4295
8939
3429
1006
7832
1517
4983
5102
8667
4029
11173
5518
10640
10883
1906
1403
1390
2468
7667
8516
7574
5513
5432
974
10362
1979
6050
9586
7947
1309
7516
11193
2003
9998
4523
10359
8496
8237
3781
10508
3187
1803
422
2802
4969
141
7346
320
195
6349
3425
2407
5658
9168
3191
8751
10437
2532
7020
1388
2458
1373
6279
6110
10522
923
7812
76
6864
7632
5902
767
7362
10754
8484
4122
10804
11202
7630
4222
4201
8140
9520
8668
6062
9342
3319
6067
5239
190
2042
6197
1898
9271
8242
243
3970
9942
2634
2987
6691
10064
2913
8148
986
466
9865
9589
5839
6553
6203
4174
4767
2091
9266
5446
6914
5114
5477
6496
9096
8896
10032
9128
5891
3137
2478
4910
9656
8708
6961
2723
8303
10620
7303
679
4499
5096
8697
5694
2967
11025
5134
6277
4913
11266
6219
2400
3640
3207
8323
7182
6727
7146
3414
6631
5623
2441
4569
9507
6211
4117
9467
9114
1719
6659
489
10057
1155
7510
4399
6369
9937
3354
1636
3837
806
3683
6254
7039
1570
2230
7927
5111
9920
3296
1007
3705
7957
7554
11154
8684
6928
2498
10853
6982
6759
9746
10684
587
9302
5973
1657
8932
9950
9482
2301
8727
6596
8171
7094
6778
11206
7387
4882
6773
1228
9632
5
4307
9275
7531
9146
10600
164
7610
7276
4038
5727
5035
504
7158
2157
4083
4108
8903
4292
10898
11066
4381
1243
4096
4505
9140
9351
7462
435
4862
3461
10176
9994
7239
150
8241
5693
6825
11005
3727
2992
10263
2116
6569
17
6033
7314
9461
2960
8870
2414
6158
4163
7682
5327
2109
9462
1281
1890
1947
9813
8790
7190
3616
7658
4454
10395
9777
11298
5797
1118
1344
5283
6641
4780
6981
6998
537
7119
9149
5041
4355
6163
8432
6988
7280
1321
8204
1497
6092
2394
6287
8872
445
4773
5413
1756
2944
8064
1533
6976
48
88
1298
6839
4522
10559
9003
3777
11043
6868
2851
3359
9164
6647
5238
8786
867
7975
10207
7983
9358
6959
7171
11318
8965
9720
3775
9866
7195
6771
7088
10751
5770
934
6196
6195
6940
1949
9169
10942
6235
8714
5130
10794
4271
3974
3802
1185
4183
5128
5554
2180
10816
10075
5576
4182
5343
192
3200
276
5002
7298
8564
10289
3570
1697
5193
3112
2377
8530
813
7773
4213
7608
4649
6415
606
5155
2290
6619
1266
8911
3519
10734
9791
7855
10346
5154
10592
1316
5610
9004
866
7059
790
2244
11198
10575
7846
3298
10461
6486
9774
11244
6987
7881
5798
7726
8297
5081
7538
7933
3953
6724
3561
5103
11148
3420
11267
2772
6921
4175
8783
9360
5653
6767
10947
9690
120
1240
8314
2156
2463
10884
7107
1031
11515
9331
8213
9703
6755
10619
8341
8128
8461
2102
4861
10436
171
3238
1725
4787
11018
10500
11401
4708
11513
2487
1869
10550
5156
1374
9001
8600
1351
9515
9633
2323
10492
7640
9144
6589
11336
1376
4618
7434
11490
3364
9709
7136
4700
3588
8080
6686
6366
10994
2049
3106
5737
2083
308
8342
2320
4674
393
2176
8620
1641
1707
11092
10539
10708
9775
7211
2756
9750
4432
10746
3441
997
2937
2202
8413
4374
4293
3633
9699
9278
5901
3309
1551
6140
5320
849
3936
5122
651
3617
6797
9401
8035
11050
3477
10164
4543
8812
9429
5814
2335
1813
9226
3328
2713
5537
3872
313
7263
9581
6243
11093
4772
5631
4262
10022
10177
4098
3540
5428
5763
207
4710
2417
6406
6991
3067
11380
5129
7617
62
748
1077
4303
3201
9473
9666
6594
7768
10747
10016
9801
8511
1901
158
11116
5043
9714
7883
2844
7984
6653
3942
5517
4809
109
7095
10976
10030
413
8862
1268
1178
6087
4046
5747
10628
1449
7733
11029
9510
3549
2389
817
1483
11305
896
2314
8101
1029
3377
4952
10511
10483
4032
7137
2358
345
3522
7527
2460
4901
6145
7085
769
3146
10100
11042
5861
3825
10320
6491
1218
2962
681
10387
8673
1694
5489
8118
6996
6335
3094
858
5769
5062
3205
6434
9478
2426
8184
2684
7432
2096
6259
39
2079
4438
2887
9905
6200
5752
1676
9074
5371
10908
10738
6702
5655
4800
11256
2005
3074
7342
5768
11452
11115
5794
11327
6008
8535
6740
8059
5066
3928
8892
6764
10558
7477
10780
9058
3290
5889
7596
1237
2114
11309
1799
6073
4197
662
4600
8384
5133
6844
9671
455
5250
2103
5270
4466
6648
8414
9861
6697
8568
3868
2734
6271
3965
7257
9873
1664
3592
3847
9584
6784
720
11451
11531
7352
7572
9917
1528
3603
1984
1598
2028
3040
8058
6705
3440
4066
6255
3246
3362
493
925
8166
9708
4538
2247
7131
11252
4247
819
5960
10616
9761
6774
11112
2234
2525
10675
4839
3862
11060
316
4257
765
8571
10434
1378
5886
604
550
7149
10831
7940
8455
6847
8361
5389
1525
8920
5028
11047
10193
11511
2984
10489
3769
3258
1280
869
2953
7318
8822
4753
1639
10159
5354
2010
1579
1082
5717
7712
928
348
4530
6842
8579
6408
5173
10462
7755
6205
1842
10593
5759
10944
2443
6862
9143
8948
1442
108
8951
1414
132
5508
11461
4039
5569
4233
1176
4795
4396
829
3988
719
1948
2911
4704
8232
9827
2274
5536
5069
2186
11141
2056
7892
1835
5827
6879
8624
6102
9836
9008
4946
7203
7054
3754
11349
696
9949
5703
798
7669
10634
10226
1524
8989
3444
9804
9748
9263
5431
2349
10105
8138
2779
6488
7319
5412
3814
11039
5044
884
10173
1210
2747
1509
616
1597
3821
2620
2702
8364
1049
8916
2659
8546
8835
10910
2436
978
1485
8259
5556
3334
1804
922
11134
6514
6118
3494
9357
4087
9375
958
1685
6296
1099
6615
868
10814
9250
8980
6194
3195
11404
5579
2572
7680
4848
4391
7382
10667
9348
11546
3612
4408
6399
3574
11319
11086
11247
7751
6061
3719
4451
6323
10174
7876
5975
8132
10194
3270
6126
6319
3276
527
3771
4735
6410
9370
3867
7492
1515
8889
4628
8738
10459
4254
9377
1250
6149
6082
2291
10199
4116
6528
8925
971
10242
3222
326
32
1103
10423
5418
3426
6630
4841
155
4645
10044
4513
6768
365
2643
3509
11485
4199
9929
2408
7932
6339
518
5054
7042
2374
6142
3584
407
8026
4672
3167
9574
258
8290
3395
3529
10867
2750
4385
10798
8562
5929
2550
645
3907
6960
9659
911
8476
1358
8263
10432
3030
3361
6228
10002
1213
8771
10519
9349
3462
4346
1058
9676
3430
3681
4206
8272
9573
5857
10579
4533
8368
8313
3244
1988
5977
1721
1674
5515
11460
8595
9504
6436
2354
6670
930
9369
1276
6273
7795
9417
2197
2179
1852
3538
3452
10353
5893
5012
7322
2462
6388
2154
2369
993
9214
3019
248
1537
3587
1518
6513
5716
3971
4816
2501
8665
10325
9233
7981
831
7061
4425
9941
8370
1722
10896
3548
2362
11167
4703
10646
11061
7953
4740
10427
5555
577
10281
4226
1679
7133
6300
7809
8777
6478
1331
6925
6656
5757
3662
374
458
3834
5808
6610
5212
5137
3697
7660
8311
5039
3709
8238
4531
6693
10484
8082
8875
6083
3609
11118
7101
8597
7130
2171
581
2511
5760
10925
736
11122
3478
10900
219
1847
8817
3021
9091
1700
6198
10463
3071
5332
6465
9006
2294
3590
1800
8824
883
8372
8135
5403
11121
2119
4676
1844
10509
9236
9802
11368
9635
9596
4166
2612
4823
3960
9997
3949
11357
3057
4356
6088
2223
6029
1953
5624
1973
11270
4822
2416
468
676
9187
4190
10749
11201
2586
4830
221
6275
230
11203
1736
2106
7290
9269
9046
1045
8553
9109
5125
9792
10763
224
9330
9303
10179
113
2637
4567
8942
9702
6689
5942
734
6352
956
8757
10464
8986
1487
1211
356
1625
5325
5224
5148
863
5833
1367
10829
2567
11214
10367
9810
1104
6962
1701
529
8996
1283
5144
11385
2834
7152
5687
4965
3597
4552
5191
3947
9031
401
981
4268
11182
4040
2902
7959
8300
4228
6106
1359
9490
5522
1684
118
11434
7653
11067
10115
9607
6898
5567
5600
7671
9591
7742
2309
1576
395
10992
10690
5287
2269
3672
6216
4253
8966
11192
747
11356
2818
4984
6729
4252
11425
7690
2404
1323
6314
2982
6638
10888
9029
5417
323
7080
362
6884
8235
3410
8838
872
7500
4515
7835
9057
8102
6289
4905
8669
5143
6895
1275
1539
10546
233
5497
3489
3931
131
4101
4436
5460
4219
1940
11138
10265
11313
134
2381
11526
8987
1145
2220
26
6742
4722
4996
7805
261
6978
3704
10573
6405
2348
112
2174
11538
5501
3484
8405
2321
10860
3031
2749
10302
8177
10101
1758
1317
4249
731
429
5286
9326
11190
8236
7469
8417
1332
8891
2452
6684
2996
10952
3904
3792
8938
8257
10791
1703
438
3314
4707
3636
3579
8100
4877
4668
7728
3762
6699
11440
5500
4309
2330
4364
179
8076
1745
10784
6132
1030
3100
6929
3123
6546
9229
7259
10985
6193
9020
563
2211
3694
3297
3428
7824
621
5865
7126
3261
944
10393
3402
9312
2932
6676
6477
6326
9288
7620
7627
7446
11030
9463
4299
1774
2491
2836
1668
3172
5257
5895
10627
570
4732
8060
685
4733
5072
8266
4426
1130
6586
6054
871
4194
9197
5031
3088
9066
2020
6246
6779
6863
410
6810
11293
3496
5574
8853
7691
9686
10099
9182
11220
9674
8374
4003
1205
1958
4333
10595
7071
2465
9213
4637
2914
4536
1050
9095
7636
9049
4434
8718
9874
11506
2968
10836
2173
5913
4409
8741
8333
7703
4596
11280
7484
9736
5440
4475
8602
2925
9408
71
1891
3551
898
2939
6471
7050
7075
1905
8762
2255
8805
1231
5219
2981
6722
3786
9332
9116
7719
6363
3843
9759
81
9926
269
11229
10191
8047
7857
1747
1769
136
11453
10812
708
2994
2372
9173
9945
8551
5608
8392
9200
4329
488
1441
6360
4498
2456
5361
1463
2435
10561
3389
782
7242
5793
10874
3957
3035
1692
6897
882
6311
6896
11314
9815
7558
6502
2778
3277
7679
7513
5184
2900
9984
994
2469
5416
9067
11474
10033
4000
1648
10870
10692
6663
4069
8131
2697
8123
7798
10324
6024
977
4526
10504
7274
5034
367
1302
5816
9657
7818
8105
1904
6463
11462
9826
2063
288
2428
9604
1508
3922
11426
4898
2098
4368
11285
10880
312
10384
2665
5713
4097
8072
6930
1992
9783
4296
5437
1288
3954
4950
8626
2121
5782
2584
3178
6808
1094
3143
6085
5684
4527
8421
9547
552
9752
1599
1871
730
8924
9394
1329
5046
2363
10015
11323
614
3725
5452
3531
8319
1867
1535
9549
9368
3003
6169
7591
6377
1305
3804
3874
10626
178
8832
5189
8042
9972
10790
1903
6549
9623
3153
2123
5259
11236
2095
5998
6516
2861
5651
7470
11189
1182
3287
8478
9138
11410
718
3986
3394
2790
10206
3895
9339
4058
4736
8750
8020
6527
7243
10379
3221
7221
241
7526
8321
4856
252
9094
3807
10396
334
8573
5550
4793
6788
6716
7532
8648
364
1238
8269
3535
9660
6018
10307
3896
8922
8557
1085
3757
9383
532
4328
11180
11294
4011
8625
6421
11332
9742
6661
1683
6566
2549
3090
116
2534
11227
1041
933
2582
9017
5360
2829
4184
7950
7827
3436
6499
7970
7609
4395
4928
11341
5620
11210
11466
10317
678
566
1526
9471
7032
8446
4236
3476
5778
9508
3189
8495
3520
1114
6805
11204
11346
9575
7583
1221
9772
10096
343
6138
5482
8215
11394
1112
8229
3995
10280
3329
1109
3185
6557
3427
6966
8661
10108
9728
7850
9252
7110
6381
4937
10781
7870
7788
8636
324
4211
10702
7366
6121
10527
1090
8542
2755
7622
10819
2888
2729
3401
838
1529
8119
5422
4627
6423
1549
10719
9740
9104
2391
2997
2248
11014
213
6796
10567
1295
7840
2759
10688
7326
4973
5900
7871
4468
547
11297
4418
10915
6341
10338
7402
6973
5611
4141
434
3398
4573
10356
9280
8376
6846
3236
270
8360
4195
4444
4006
7147
9747
9433
1784
639
1490
1656
10869
6468
3488
4964
559
4508
21
1678
3564
6529
6251
8111
8136
3733
2060
5964
11448
9969
938
7732
3604
10376
1695
6735
3645
6295
9979
6079
3229
6918
541
5304
10328
5858
4245
9781
4258
6100
11480
3742
6950
6931
6334
6819
4275
10521
8197
5359
5553
6493
7378
1952
447
4340
5682
9896
8619
1435
1996
2976
5234
4042
657
2209
10643
9798
8501
7649
5559
3668
7256
4502
369
1841
6030
3666
8623
8720
7763
3416
7269
3997
5552
3447
9119
11130
2415
9957
2824
5427
1107
4049
11062
6208
3174
5209
1724
10941
11286
9301
9962
7916
10185
10279
9338
9474
5970
860
1395
8039
791
704
3311
10975
3064
7102
9082
11353
5210
10654
238
479
3998
1043
9453
10128
7066
5551
8475
2923
6393
1436
3384
7976
4719
5609
3479
6037
4490
6635
2821
9256
4811
9934
1191
3732
2405
176
3059
4402
5538
61
5205
5754
3923
1473
5939
10065
6009
712
1345
10014
3828
10516
6519
3156
839
8582
2204
7929
2253
9498
1665
7443
7996
666
4012
2275
9363
11533
237
1786
9993
8799
5194
10659
5252
8410
1780
10922
6072
9231
10664
4178
7886
2562
8490
4872
9077
9897
2515
3703
7227
3889
4568
10255
4305
8550
9831
8664
3397
8465
10927
10355
1148
6892
7453
7140
294
8509
9070
2286
10058
9413
8061
6737
6220
5141
3527
5996
3165
10161
7713
8030
5109
10266
4196
8172
4819
8666
10851
2819
2207
7098
4659
815
9884
11013
9771
4604
6904
8499
3689
8494
1796
10336
2742
7961
1328
816
5773
3623
3785
11166
7822
726
9355
6643
497
7370
7938
7451
1609
7868
7553
8103
4221
8852
1594
873
6696
5166
9227
892
3245
4079
8843
10062
10216
9098
6941
3691
5787
5152
246
7261
2188
397
3166
1253
8154
4808
2948
6523
4350
6587
7545
11301
6387
8339
5986
1503
11186
11273
9125
525
9511
6412
10606
7911
4170
5640
6752
10785
3175
456
2304
3033
10457
10724
6757
8434
4582
1027
5025
4642
4459
11419
2054
2891
3869
1038
9438
7360
4752
9983
3491
8125
299
759
6571
10943
2893
8844
11262
4150
3619
7040
6820
9545
1081
2218
991
5843
1886
805
5726
4664
3113
1444
10827
3542
7468
8095
6293
8206
1795
2280
476
1353
2671
7289
7556
8851
5597
2590
6616
3241
5679
3848
7524
6708
4843
8901
7053
3215
3104
2841
9888
7684
3902
5299
3819
8508
8833
7245
8390
11454
6284
6772
9142
8224
8160
8982
531
10397
6192
10072
5400
8375
6572
7348
8861
4915
11196
7651
2184
2725
389
5510
52
5370
3760
5374
823
9220
11358
2606
3941
3864
218
73
9890
40
8011
9159
8913
2897
7213
10598
1760
10772
3543
8380
11343
8715
8746
646
7034
7941
5898
5013
4081
5825
8721
4706
11375
6763
11406
4231
8858
988
2641
4966
729
3621
4789
1010
7503
417
3935
8115
7196
2364
9237
9812
3115
3022
6395
6420
10433
277
3135
6766
6304
4903
7639
7786
6567
9247
11502
10209
3890
8120
4587
8055
3197
2035
10491
6575
7589
2991
188
373
4749
870
7854
4971
8567
5180
5851
9665
4817
2931
9967
124
1934
11348
5599
6131
2763
2292
9024
2289
809
7783
5586
2993
7159
6417
5963
2094
318
9255
3355
6430
7655
10645
4168
2678
2351
2118
8322
6227
7852
1909
5262
185
8583
5089
11133
1204
8147
5764
10507
6801
7145
3085
1507
7724
10510
8775
4909
4470
8329
9344
10830
4652
5444
1994
3507
11162
5468
9334
5909
4745
6741
5925
4955
5780
5532
4273
746
5421
10221
4689
1931
7358
6761
8706
3967
77
8053
2162
9126
7174
904
10681
2839
2840
2738
10411
5190
10745
7049
10150
8403
2431
643
6182
9335
8004
9406
9189
5965
3117
9493
4369
10318
4316
771
8488
7796
8601
9366
1135
490
7180
11255
5004
7562
929
4790
5805
5775
3716
5135
3656
4343
8418
4138
1033
9166
1466
10775
1942
2955
2142
9030
149
7325
7428
6701
8699
5232
1036
8849
11536
1164
5667
1613
659
1207
7491
7843
4016
6939
10341
716
11126
4143
10034
4572
6282
10949
11532
1686
2506
1060
5681
8766
8470
9076
5756
6248
8607
2769
7093
8
1993
10274
216
7744
1336
253
4982
1447
5406
3734
4372
3122
2386
1714
6470
5683
8764
10340
5415
2507
4727
1969
1956
3080
11184
2563
11233
8599
2831
3279
1055
5622
6206
10001
7966
5765
4360
837
7813
2226
11326
1577
4446
2552
5863
8028
3340
3547
760
11106
7439
1504
680
4349
8243
212
7035
2327
1484
7644
7889
1546
9946
9786
172
3964
8302
7482
4020
8170
4225
8352
7375
11137
4695
2510
6551
5377
4200
1900
5020
3747
5904
843
3294
1004
169
1011
10087
11465
292
2135
11157
2835
8877
2701
10584
1480
7124
7860
11496
8505
5507
7218
647
3300
6882
7864
9081
11075
1590
10253
6429
3379
1095
2185
7735
3271
5419
10970
9557
5256
10709
4207
10293
4989
8717
9572
9052
3933
5207
10109
7437
3079
4403
9385
4656
2437
5273
9995
2442
6977
9647
10331
2257
471
8729
2210
7880
8121
9281
6924
6
1585
11436
5140
8205
10351
69
9531
11364
260
2807
11028
1064
8320
787
7549
10699
234
2928
11514
9409
842
1430
612
2326
254
184
1957
9509
384
107
3087
945
84
1521
1418
10769
7324
3865
4960
580
1181
9495
296
9734
5296
5351
2006
9848
5277
895
7168
2896
4441
4940
6986
10773
1771
6038
289
5395
4849
11085
4956
2714
1188
10981
999
443
10901
3665
2161
279
3870
9612
2858
2009
5476
244
46
3134
4230
5907
9852
1581
8386
8001
542
2139
6137
10951
6431
7430
2483
10375
6042
250
4640
3265
10615
5247
1932
10875
5820
4842
6617
3372
9328
5181
9387
2191
400
4725
7096
8816
8227
10614
337
8317
463
3363
9872
6621
10533
5784
7698
1923
2736
8457
3023
1492
9500
6725
9260
6570
11239
10146
1279
690
4161
10924
3351
6601
1954
3832
2318
2245
14
11360
3344
965
1209
4977
7936
864
8840
217
1781
3107
8258
5240
263
3169
6225
8740
10466
2424
3766
3399
10081
8066
4224
6731
4711
10722
5812
140
9468
5881
6739
3667
6199
2690
2051
8761
4005
8929
11260
4486
5310
5584
4758
6811
658
10165
10374
9041
6090
10493
7504
6822
4754
2038
11087
2728
7571
6612
9415
3659
5080
11435
5633
8985
10641
3083
9151
6294
5009
4574
5345
3192
6607
3041
8566
4650
6758
379
2867
10609
4684
1179
9992
3380
7310
4954
8221
3466
10803
608
10460
4018
8678
4407
4655
7560
6358
9496
3893
3876
9325
4914
264
10608
10142
1870
5711
3194
2694
7909
8274
11217
2337
5404
3281
2078
10151
8178
11185
3525
10134
3660
699
6613
9553
4833
119
1977
6069
11376
5365
2329
5841
1293
10416
3620
10991
1839
9476
9880
9517
2854
9340
3765
10585
8304
228
1607
1782
11072
10267
6888
5649
3390
1764
3081
2080
6068
8578
5436
1705
1256
3396
10124
10285
10563
3326
913
10698
560
6007
2843
160
4337
4282
1561
1806
7247
6078
9678
6854
4938
11303
1735
2598
1615
1603
4612
9818
9286
5334
1779
2276
5058
5573
8503
1985
2165
1357
5859
1875
1667
7170
7457
5167
10273
2717
8353
600
6871
9202
11132
4017
10894
5329
9251
10009
6202
7702
7661
6155
3070
7756
3458
2075
2920
10731
2447
9800
11328
191
2418
4633
2639
5175
848
6834
824
10657
4834
5666
6247
8096
9054
961
10998
9083
3809
5755
9694
5875
6309
3578
2373
4570
4854
3701
9664
789
6743
7033
1696
9347
9432
2935
11306
4963
6972
8647
6585
7942
5710
1633
2228
2855
7440
3557
7271
2315
4723
10625
8960
10443
1269
3406
3017
8425
8308
10905
6134
7515
2686
10542
8823
9608
6634
3369
9952
4836
6017
9667
2233
6785
539
11464
5615
3177
3467
8158
2262
8139
3210
6212
3647
3744
10540
9889
1408
9729
3412
2467
2449
2517
5928
7738
6628
9047
8033
671
6453
11074
3073
10842
2774
899
4879
10236
2371
6645
5903
3641
10832
8998
3729
9805
10020
8675
4680
5733
4887
1015
8785
4100
3121
10116
1580
6733
9361
2265
10358
3658
5927
9830
9642
5645
6498
3274
8048
1830
3306
2545
5853
2340
8062
5291
9521
3756
4004
7543
698
1972
7701
6564
10514
6461
8700
668
4847
5887
1460
1519
7041
1258
2611
2339
10005
6177
11374
4512
6375
5456
682
1902
7718
3795
9743
1811
10882
9440
5650
3652
591
11520
5469
6400
9661
8554
7011
5625
2580
3627
1944
2263
6927
2669
10665
2651
1138
5123
2724
7525
9246
1443
6215
6057
9762
8628
4595
8126
8151
8882
1420
10694
9013
2737
8493
8608
4487
10961
5317
3352
3752
5085
8570
2820
10611
10820
7333
3975
840
8282
7121
6481
5171
9264
4075
6609
7780
6963
9854
5614
3860
6712
6744
9428
6454
5521
10552
11310
11467
1106
6404
10897
5971
9976
10695
3925
6692
11428
989
7353
6250
1352
5721
8705
2344
5158
11045
8539
10544
5766
2677
9540
427
915
8097
10256
6480
5669
1425
2618
5328
1833
8415
10655
9658
10003
6109
9882
11208
10168
7693
10825
5884
5033
5572
4157
3293
2816
3675
3932
1563
10717
7762
1319
7404
2529
3144
6264
7686
7511
4382
2178
4274
5543
5729
4419
3214
2969
7931
8580
5453
3882
11470
6290
5350
1924
7394
942
6026
9218
10224
1471
51
3251
3304
1347
6351
4881
10565
11483
4229
8765
11537
4802
3593
8869
3939
10767
6179
8464
3076
7048
7885
4755
6934
10909
6286
301
3602
7099
9309
2604
8967
2168
889
199
4697
8617
4576
3755
8005
483
10589
9868
7300
7616
9343
2909
2929
4336
781
7997
7956
1089
5799
7057
7811
5950
887
3089
8659
3699
9765
3649
1478
6856
6500
2975
1558
2284
2528
3841
102
1361
1727
9785
10438
2884
2703
2720
9178
8808
6081
8836
10601
8179
11417
5251
5751
2151
5892
3822
1459
5566
8270
10704
9458
10759
2766
4688
6222
5823
2012
2777
344
931
9918
10914
11058
3006
1017
5989
10538
8845
912
8041
6730
49
4013
3945
2033
954
398
10885
5638
9849
5063
1950
10050
6466
5795
9352
10978
8526
6046
9863
1187
10960
9499
3234
5976
122
7634
750
8735
4439
6356
2508
2852
3249
2653
5475
8825
5922
5957
4062
1184
8652
10023
982
9982
3136
8629
1798
9695
5619
7114
165
10120
4897
5481
2882
1778
7148
3331
9430
7052
9903
7135
4335
7958
11020
8972
597
1624
5577
5591
778
481
2493
2570
10451
9919
8525
30
9028
8429
5202
2420
8473
10682
755
11021
8758
5627
8518
6537
1569
3835
7266
10024
2880
9638
4050
2205
5702
951
4902
6994
6427
10562
5953
4976
8029
3810
1589
4482
10686
8349
6113
11373
7539
3790
4888
5216
3915
1217
8194
7847
4415
834
7626
4864
4840
2565
11414
10737
174
4455
7371
2495
6777
3759
7820
4575
7309
9819
975
1290
10078
181
1971
622
3164
515
6156
959
1413
9154
346
3955
8614
4776
1235
3853
2827
8458
9022
3323
3878
3226
5243
5897
1245
8943
2693
1337
5910
8702
8117
9212
6344
7569
6706
11405
146
10707
9316
7930
5719
2986
1983
6004
1439
3898
7082
9195
5092
9606
3007
7388
2149
6857
8336
2977
3011
2007
2256
409
2040
2492
1226
406
5588
7369
7156
3982
9567
1644
2685
8489
3256
7067
4045
5178
1601
11218
4313
9459
1065
6555
6136
9537
7284
876
10171
167
5120
7910
7191
2808
4626
11381
590
9931
464
7411
8732
5836
7421
7561
11508
827
908
4932
10989
1212
2279
6511
3131
4724
7229
4347
3486
1790
5951
7654
1101
11331
8876
11497
9877
309
10765
287
7127
10744
7917
2486
2541
11471
686
9799
11078
3247
10335
9991
1773
5968
7645
4546
3572
7662
4742
9719
3093
5738
2252
1087
7441
4285
157
8886
10414
8262
8772
106
8831
8807
2699
4064
10
9571
2688
152
2803
3585
1392
3133
4139
10208
8953
1044
10878
4123
9121
7740
9033
9445
7906
4103
11403
3948
4089
8855
2085
6997
9262
615
1206
669
2811
1575
2521
475
7134
5206
7000
5880
3273
7770
6611
3774
3188
1222
2203
175
8469
4698
9320
1699
9267
3055
2730
3573
7695
2531
1172
3934
10940
3737
1422
7084
1137
738
11372
9580
8182
2453
6045
4378
4019
1110
2963
5629
8642
1481
2169
8037
7419
3128
5659
11259
11429
2160
6320
6385
2670
7308
7508
5607
9293
2466
1196
11362
4209
2385
7427
5905
9907
3673
414
11274
11215
6715
6383
5657
6297
5289
3676
6717
4421
6642
2832
5894
492
1495
3095
9862
9225
9289
305
5106
3242
8010
599
5520
1748
3204
7874
6545
11543
6497
28
2361
1303
7913
11144
8065
4540
2008
8670
6117
125
11397
9460
1424
2741
4904
8074
1922
8767
4067
1921
2322
7356
7745
7863
2050
1380
6386
11395
10642
6066
9978
7831
2338
6885
1741
6791
154
6472
1157
9032
6683
4692
1063
2311
4967
9713
2799
5188
5777
8454
2642
8331
780
8590
584
10524
3812
10583
1822
603
11024
1440
5153
2283
7076
711
2455
10227
11089
3473
2849
836
3692
8057
4673
3710
3020
10802
7866
5161
548
1926
5472
10319
1638
3282
11120
1462
4070
7908
9314
5869
5279
8900
5885
1547
5630
4465
9204
10417
4535
1284
8130
1876
2504
2445
8978
4636
7548
7897
9141
10607
10899
10822
10175
1241
2270
10055
1180
293
3179
11486
8248
9602
6221
5531
6965
6721
7624
11254
2281
1548
11238
7723
3349
1446
4318
173
1022
10080
5896
10231
8791
85
11231
3111
1059
5972
1600
905
256
1131
7877
2346
8908
3979
9241
5698
11181
7233
4617
8685
7166
3813
10610
6554
7162
5982
3255
9560
3523
2692
7628
4980
5807
7753
8677
1882
4217
6700
784
1498
2592
11040
5223
7278
881
403
7212
9322
9398
4687
5298
5338
3571
10074
2072
2753
8373
6958
8299
7856
7884
7236
9073
516
9893
7587
10918
8281
785
7641
814
8934
6538
7207
4428
123
2450
93
10405
8145
10824
10239
9603
3464
3161
2360
2271
6063
5932
18
5147
11317
10390
31
3739
7736
801
3857
3001
10624
6147
10352
3918
5026
37
1567
1846
852
9488
2477
8428
8129
5409
5097
3657
5582
11432
8226
2711
9990
206
9505
8555
7974
3393
3501
11333
7092
9679
946
10934
7706
5561
5290
1739
1076
126
7291
7678
4648
5195
11408
9986
10586
10986
7169
1171
8052
8904
9285
6402
6508
11036
10364
3690
5451
9089
202
7918
4616
7299
2794
10118
9206
6122
10069
6189
5390
10247
1878
3431
1086
5924
11031
697
8075
11539
5093
5217
1350
6095
1386
4726
3159
11335
1565
8933
1199
4354
7535
8634
2444
11003
893
8406
4179
3555
1939
300
6776
6841
10166
4471
266
6207
4251
5862
6035
9464
684
4068
2732
3678
5381
2536
5023
3643
2954
9834
7570
3158
4643
7613
1640
1872
6272
3051
4768
8880
10439
9914
8899
11232
7115
1750
3332
6236
10800
5612
1402
10678
3180
8032
2375
3333
6401
10520
1848
605
8586
8795
6437
8723
2800
10228
7013
2137
2980
8027
7509
6336
5241
705
9388
4857
1582
3688
788
6945
9075
7471
3537
4072
9221
5368
11491
1333
9821
7778
6357
11498
6629
11172
11361
8301
8164
9924
8256
5284
5244
927
6462
4134
8946
4061
3232
1432
6873
677
7055
9000
3387
9688
617
9497
3016
689
8395
7926
10864
3193
4942
1129
1620
9199
3632
3303
10063
6762
2048
7536
6013
2719
8427
6209
7008
7988
3973
9174
7323
6089
1456
7313
2589
11197
4308
4301
3114
8814
10061
10330
1393
2167
10572
6623
4797
10926
11472
1431
10211
10789
4835
1452
6800
8416
2785
10011
6331
183
1888
6180
1411
5999
11493
1482
2181
9724
6624
3206
10311
890
9735
1159
8090
10674
2081
6467
6936
451
3445
86
4202
3831
8169
7875
990
9050
6154
7306
11288
10828
3552
1271
7277
6433
7464
941
6239
2068
6782
9324
8887
5944
6877
60
3914
11034
6614
9631
11359
3499
8585
9855
519
4503
5159
3449
672
5844
9381
8983
10371
3418
4010
9754
6902
10268
3642
9386
4180
9646
3929
7189
10872
3513
10296
6935
1457
6975
9296
1327
4625
4105
5590
5405
10523
128
7161
9148
5502
902
9649
10111
3404
3746
800
3944
7043
2662
11523
1772
10770
4284
877
9300
3577
10821
11525
495
2055
7077
5966
10083
10348
2206
9718
4090
1146
4778
4507
10807
9536
223
3092
3054
5433
3469
2383
10879
917
2791
103
8768
2965
2172
7720
2397
11027
11222
9045
4763
2047
3714
8631
9697
5993
11077
2014
10777
6855
6178
3168
1666
1301
1998
9172
9346
2212
3990
10060
4791
1056
5761
1544
6830
7132
4968
11518
4389
8365
9923
4001
1860
6932
745
609
7586
9441
8923
11468
8507
5545
601
8622
5834
227
9502
5101
3042
6310
1389
7079
7593
9481
1965
2551
4352
8459
7659
3601
7463
8003
8419
921
2242
10817
7188
2429
3717
11393
9431
10706
11411
5388
6052
2216
564
7118
10402
7592
5397
1382
3485
8759
4442
8022
8252
9113
5708
1160
9898
4519
177
2448
3983
411
431
284
1233
3753
7643
7416
399
4824
5866
8077
2850
2015
6781
4644
5127
5204
10498
5524
2918
1829
11200
10446
5800
1002
4035
9621
3037
2743
8394
7287
2297
10469
7194
9215
4324
7521
2680
7869
6329
1084
1394
9421
4203
4265
328
322
8110
7514
835
507
4256
9948
5326
8739
8430
7793
10732
1832
10026
6144
2957
5441
6343
7016
3580
3684
8569
9127
9327
5229
2917
3408
5724
1194
5358
11226
2558
9707
3653
2787
7657
5214
4807
7007
5781
11547
632
7804
9558
1042
9677
4411
10077
540
3338
10677
5227
4154
6908
1587
7603
4093
2788
2217
10783
2107
7873
4162
4464
8150
5281
11367
7143
5735
7878
9672
4770
8449
9456
4212
2336
3125
3885
4869
775
2163
2100
2775
6201
4865
2573
196
5583
4878
6803
6783
5335
11390
1726
9345
371
4338
161
2922
3151
9779
5842
5926
2406
9955
10499
9876
2526
96
10786
487
1147
7222
1682
3502
5560
4266
1608
3749
10382
5492
10170
10648
7588
4028
1916
5032
5636
138
4875
4571
5581
2623
5047
7924
5168
2287
11383
5340
6536
7903
10618
10440
8926
10728
3386
2488
59
10696
8436
5379
10205
10701
10834
832
4948
8381
10672
6606
1252
9395
7275
3454
11388
10866
1073
1167
4286
6378
2696
11019
2700
2170
624
4654
5095
1379
1434
4873
3149
8245
4896
1428
749
2201
9645
739
3517
2910
8298
8959
8703
9249
1496
7179
10566
2459
7621
1884
11191
2535
9822
262
9494
7737
6937
4520
5677
1475
2798
36
5246
10653
2990
147
1423
1512
4990
11211
7338
394
998
10326
117
7969
7224
10056
3566
7982
8288
3926
4214
7377
8724
2973
6364
10597
9323
8662
3723
3434
1202
10591
8280
8952
5873
3984
8513
4738
6010
4009
8690
4859
10471
3086
9410
5806
7895
10455
9108
6487
351
5646
8161
7254
6875
3798
7790
10234
8207
7288
6681
3032
9457
7090
7389
7968
9968
5401
9489
7666
2988
7165
9037
1914
8249
11501
7971
4846
7758
7710
9977
6812
1415
9426
7497
9477
100
11455
10480
2912
1297
6760
11399
9960
1859
8307
6598
3721
251
3231
10006
2524
7529
8572
2727
8348
5821
1505
4317
2647
8502
5253
2370
4743
11334
6943
6540
8657
3145
6394
2413
7473
9405
7914
7791
4728
3706
2392
3773
2359
8658
8692
2213
11163
2002
3861
4756
6510
10314
9002
7295
5108
3152
5313
4223
4685
7012
5132
3065
8351
2577
3796
2687
1825
8196
6883
2649
1767
5037
1854
5860
1419
8046
4148
9259
7743
6745
298
7192
3305
9389
2845
478
1789
703
11352
5535
6660
1312
4826
2784
9928
1346
6210
803
3259
10372
4132
4130
6270
7739
2148
1974
7960
4670
3010
4916
10920
4785
11505
415
6547
9864
4999
6181
4007
3524
1318
4107
2302
7220
512
6738
6065
9816
8688
3062
10363
9806
3884
4189
625
11378
3968
5471
640
6333
4379
5090
9043
6337
9961
418
4057
5547
10887
9915
5142
9796
11295
661
6218
592
7730
7255
3768
2553
7595
380
1738
8015
3044
7163
7460
2585
9625
9378
9042
4281
6926
1776
7817
10408
8559
2141
4380
3740
722
2380
54
5758
7296
5076
6627
10465
8482
4866
5720
11082
10847
8187
9111
2952
11510
6605
10322
8651
10513
4142
5890
4892
4504
2061
5302
3004
9107
8961
5674
5699
952
11311
4264
4929
3646
8731
2421
665
163
2166
5203
6893
2513
764
6258
10373
1645
4565
8950
2705
9403
4578
4334
3976
10630
9837
6483
10651
865
5118
10793
756
4160
2945
9701
2319
1622
8694
7784
4974
4176
10676
6019
8754
1690
7273
4624
1025
1568
10547
11292
8857
10410
6917
6028
5264
4078
11209
5352
11224
236
8815
1980
6548
4287
5969
1407
7759
757
2512
5604
2906
1314
1034
2757
10049
2930
1448
3262
2112
1355
2133
2892
11113
2613
10877
11179
6907
5848
4260
5068
4173
2826
3482
2198
8804
7944
2927
6694
4435
8073
9562
2522
9475
10631
3505
10145
215
3366
11347
4406
543
2581
10040
2238
2403
1018
528
9776
5200
10935
5864
1647
10839
6447
4433
7646
7311
10497
1713
588
2768
8660
1845
1961
11409
8327
4250
7985
4632
3817
57
11366
8556
3318
4923
3589
9652
2190
4235
7604
9147
6098
7800
11103
5391
3661
4092
5121
7214
1311
2616
6223
5978
11128
10321
5010
6444
9506
10085
11261
7677
353
5671
9162
8402
8031
3927
2045
6509
9248
5665
6469
6831
3211
8813
4479
862
6379
64
10369
10632
5979
1072
4894
370
29
5525
11104
5160
1195
4691
7987
4775
2656
1292
1052
7506
2070
1744
9958
7087
27
1369
6956
4845
9359
8435
4893
11489
10381
943
1267
3635
6051
10149
5790
9970
6662
7316
11237
926
2215
2936
2355
763
7530
5392
3977
4111
10758
2159
10475
4762
1416
1808
4820
11324
2673
9305
8581
10271
3715
1091
7390
280
4480
7681
6105
6666
5830
6543
8009
281
5008
8679
4712
663
9283
7821
3066
1837
4232
2676
3025
201
8837
9627
5783
8094
1855
3411
7315
10823
4491
924
1391
10383
7896
473
10041
7327
10276
10130
7467
7056
2016
7396
10143
3465
8382
2251
1009
9036
10155
11083
9217
4015
4401
4104
1139
920
8928
8963
2764
10854
10412
6593
2128
7435
78
10110
4584
10283
5465
9135
4172
903
10370
5685
2516
8134
7091
9216
3120
4492
3381
7834
1174
2099
3029
6552
2578
1651
3230
7688
1093
9277
8914
11433
11300
1757
2476
3028
6114
6512
8937
7065
8801
8787
8544
8995
4651
4133
8264
5987
5138
3451
5606
11057
9519
7899
10123
2632
8180
6780
7429
9712
6229
6833
1306
4926
7447
9023
5714
9177
7776
9472
9501
6531
9902
7062
8477
9294
1320
3291
1028
7450
484
8999
2334
4943
5732
9683
7605
5563
1936
89
3663
7912
8387
4359
450
8713
9904
10809
7433
6664
5237
2569
1405
8411
634
7696
10945
4362
4539
5908
1646
1150
2153
6170
2661
1491
10122
2758
6217
2345
10204
9870
8864
9764
5967
2943
828
8806
8921
10581
5483
675
9559
2194
10680
878
8078
11069
8641
7251
7413
23
6418
4080
4463
1864
4563
589
1239
9944
6345
9956
6765
4610
7546
9939
4290
721
6450
9685
4332
6769
3735
10343
10259
7980
7496
3770
4473
3263
1092
6979
1366
9601
2760
4310
4927
4114
7063
1843
10683
4566
360
6238
613
232
1116
10157
11054
1734
1075
4936
307
11228
4560
9585
9908
5994
7332
10693
10969
1511
8686
4821
2017
5098
10903
10933
6534
9698
41
4798
8054
10982
4073
5295
8316
654
9137
11007
4405
1783
1943
2296
331
7248
5356
7483
4796
1749
6000
2130
5855
9039
1908
4165
8954
673
5509
10210
6464
8292
4988
2084
5185
4545
1737
1040
1520
522
9484
4052
302
2857
7225
6889
6305
11145
10603
3027
4140
7442
9420
9723
1259
7436
426
9190
6524
9487
8640
9317
6845
3285
503
7155
4322
1975
9292
6495
7151
8810
10810
6912
9887
9134
7154
5991
11070
2822
5225
5196
8796
1326
133
5324
10315
4034
5876
10021
4456
1371
2120
10917
8748
5493
10332
10092
10536
5512
1671
2144
332
3254
9561
3556
4447
3726
10755
10980
5647
2881
9518
9663
1793
856
9414
9851
9118
6422
494
3335
10679
630
9529
11095
9577
7625
9479
9611
2812
4662
11165
6858
2025
8287
382
6175
8277
3910
6505
2752
3407
7237
11265
6003
8098
1458
7676
7030
9311
7806
4944
2261
5055
10560
9650
2602
8445
2539
5375
8113
3969
5917
3784
11006
9973
4844
8906
812
8452
5546
3846
7244
4677
11447
8181
10518
6565
4025
6292
9060
8440
3518
5362
5268
11143
405
1553
6307
10404
7765
9523
1272
5852
5447
4390
4414
491
825
6150
3894
5396
6302
11248
7792
11053
2972
9230
10846
1161
9136
3046
8532
1464
5105
8456
1715
6036
4702
375
11159
3483
3546
2970
3880
702
11221
4152
10526
6494
10939
8520
6920
8173
8335
4469
8358
1883
1660
2978
6355
3457
11369
9056
383
11125
38
11530
1156
5511
7794
446
6507
10671
2505
2059
5838
5670
9662
4525
1820
7746
1069
6327
4608
9205
5601
2053
642
2115
3209
1454
8362
5678
653
10587
1810
9103
4639
2622
11351
2859
3138
510
420
2131
8296
6407
6263
5455
2587
3493
9996
10212
2706
226
3497
67
6080
4731
4478
6807
10467
5494
11365
4460
11175
2814
1919
9522
8070
9219
2971
7803
10163
8016
5049
2396
8726
6451
7426
6504
2765
5126
6338
11073
9019
7544
6005
2388
10258
5662
2961
6541
2480
2236
4588
11479
2645
10512
7542
8223
6346
7949
3628
8463
7410
7502
10844
9730
11268
2942
4660
8433
9900
7598
8219
4769
8049
2594
9061
9392
774
3437
4315
8846
8957
7635
2117
11458
1591
11107
6707
8426
11481
5641
8797
4858
10955
5874
5282
5267
4799
3186
11164
8379
1193
1247
2089
6330
8977
10252
9092
2875
8025
10458
5617
4746
10545
6316
6900
4860
7964
5079
8276
2484
2331
770
10121
6618
1143
670
11081
6503
857
7898
6372
10401
1151
9954
363
10902
10995
3526
9382
9587
9689
8649
5316
8604
5150
10931
1627
8587
1856
7894
2150
11168
7209
2941
9106
3012
2332
1995
10035
2376
7808
453
1814
10195
1857
6860
7329
1571
8531
6915
6348
3533
11117
430
8847
2949
2357
4375
874
10799
6184
649
8210
8069
6301
7385
6679
7328
3455
7418
8547
6032
5648
6532
4589
11287
7021
10424
5339
618
10425
6874
5697
10190
1286
3613
3940
7618
1596
2082
7490
6373
1032
7183
7579
1885
6672
2164
5767
5956
94
63
8153
1595
4774
282
9636
8736
1265
1929
9687
3056
10753
6590
6602
4876
7781
10450
4524
9439
1522
5275
5384
10200
545
8092
8244
6347
8854
6649
4619
2457
9265
5192
8036
1532
220
709
3327
5233
2146
9732
1398
11225
3248
9007
1493
10687
9165
4970
3481
7027
3302
3203
8149
2074
11114
6658
441
7754
6665
648
5117
9290
9418
7351
1381
6443
6034
442
744
1858
10429
5911
1752
8220
1208
9018
11449
11377
10685
6021
4629
2104
5914
6441
6826
3913
9817
3958
8283
4457
10647
1163
6829
7060
9105
5051
2411
10568
3999
7557
2041
82
3171
4696
2773
204
10257
6365
4298
9930
6070
2721
1616
7138
10673
2266
5248
4761
629
3316
3992
10760
139
6646
1617
939
5011
1140
10987
7406
10031
8448
1335
9856
1619
7412
9235
2299
5635
4410
7731
9437
9099
291
5442
3731
5438
8176
10795
5197
8991
3368
1670
5933
6234
9132
5817
3307
7337
5061
3856
4959
3147
1039
10965
4583
8973
2064
10137
693
6173
6946
5526
2145
753
6949
4716
325
6852
2132
7176
9451
9407
4607
1310
9210
4053
8278
5348
1433
10858
7725
9211
10517
3184
4086
10599
8618
1717
3495
7420
2273
10093
1468
5110
2846
7083
3605
8084
7415
2237
3558
1927
11258
1866
2410
7537
79
3101
8399
5736
10703
567
7829
7173
3504
3365
3348
7600
5533
7153
2479
4008
4653
8108
5349
6835
6283
4690
6474
5003
3815
8438
851
3212
3049
1399
2246
4450
10169
1169
424
1216
5593
10037
10662
9860
3654
10570
6690
7764
5949
1377
7113
6135
11371
11281
9198
8733
7200
4729
11275
861
7647
9548
9669
9452
5086
10644
1807
2177
2481
8462
9654
3618
5258
9721
6809
5516
9117
10202
3820
2675
5448
3375
5523
4037
11391
2110
2183
2024
6020
5540
9203
3780
10196
3225
11048
9843
10868
10156
4496
15
2077
2904
1516
10932
1412
1689
9167
9470
3376
1339
214
7417
4014
8142
656
7828
4801
10997
4517
6506
6268
1203
5656
9131
7047
7438
10254
9160
2328
9097
9569
3310
2293
1823
4345
10027
9449
10386
6688
319
2588
9181
347
55
6861
4641
7771
8168
2227
794
11068
2600
4557
303
2864
9110
9274
886
311
3218
1889
4518
9628
2877
10633
8063
9009
5701
1232
5487
3105
10929
9341
1360
4185
1488
7668
6894
7775
2013
9397
10474
1763
5916
5872
9637
7383
4056
7934
11257
2869
8803
1623
9789
8247
6636
6011
7566
11253
9744
3830
8974
6550
6384
1912
5813
5676
10237
8745
8295
9524
3839
2509
10043
4137
2674
2108
5383
8593
1592
2609
3036
1986
10730
203
6044
626
7208
5426
3069
1990
6579
9180
9925
2138
1681
9
8627
3677
5353
6899
9599
6120
8693
5772
1655
7998
9684
1404
820
9055
5613
10629
10094
7807
964
7965
1362
9102
8086
8466
854
7044
2258
7687
8645
10762
10861
7890
9038
11230
5342
7717
725
544
1614
4998
1775
4344
11098
5376
83
7995
10042
9753
1632
10277
11442
9145
8088
6449
209
4393
5527
3039
11063
2894
4113
9153
792
4488
1788
9423
1470
4635
7599
3116
950
333
7478
6242
8709
2627
9964
10426
3788
10344
1149
8522
10838
3284
3312
4420
5263
9186
6817
4562
9268
8958
6815
3791
440
8769
2307
8992
9434
11463
5170
10131
7307
5598
4489
6517
1349
1047
8330
465
7373
535
448
1013
2805
3736
9124
10106
4481
4837
7505
11212
1523
4227
11213
3779
10415
4331
2735
8479
880
7081
222
9592
9208
1680
5628
10468
388
4351
9808
10889
11151
11235
1621
5078
2152
9390
638
4521
2718
5882
11325
786
7946
5112
9670
985
8116
8404
5774
10398
8002
3432
10067
7585
6376
8682
486
3266
8782
9564
11000
2715
9112
1938
1818
10617
5201
7409
9012
4377
3702
4815
7354
4634
2219
10996
5485
7716
3626
8271
182
1770
10097
5596
4314
5414
1826
6354
9329
9443
4373
1397
1037
7848
5490
7002
47
11158
8291
3383
7321
4556
694
3981
1111
752
10051
8910
7172
3160
6324
408
4985
5811
6968
524
1873
6542
3199
5242
11519
10089
10756
1330
5463
2451
2514
2583
11109
11010
6112
8616
3844
979
6322
701
10329
6620
11004
3347
8935
6261
1910
4392
5410
352
436
208
3937
501
4919
715
7839
7692
9072
2221
8231
1438
6911
247
10059
5146
918
1124
7523
8780
3417
5690
9883
4485
10262
2225
9276
9651
6014
5995
3648
8681
242
9555
3500
4023
6240
10018
11088
6592
3292
3371
7185
3216
4445
6574
2439
7100
1289
9751
1593
10220
10019
10125
4371
6849
1132
9025
3063
5505
4935
9620
6957
193
5318
2259
5480
3873
433
2559
10172
6798
3219
5280
1675
5803
1945
4997
5429
1824
6435
9059
5071
1817
9841
2865
9308
6424
2856
8310
627
7116
5686
9927
9298
5503
8356
4747
7475
10502
7392
6526
2579
6164
4164
2313
10723
6985
4764
11071
7512
390
3288
306
10117
8260
10378
8756
8163
3468
5548
1501
6558
2599
6148
1928
2640
11052
6396
11345
6814
8199
3651
8079
5306
3664
3336
8006
9176
11249
7631
5644
973
3267
7584
7472
8615
9875
10349
111
8328
5918
4579
623
10564
8325
1573
5435
1158
8233
7994
11437
5660
7951
3250
7267
9450
2833
6419
3448
9847
6086
10796
11170
1933
3439
8936
75
9273
2999
6353
7272
8881
6530
1083
10479
7576
8592
4208
3671
3951
4750
4577
4216
6409
8200
2497
847
6187
10084
8863
7204
9895
6001
1754
8653
6359
7368
4156
3350
8644
8460
5019
6308
9287
1486
4561
9825
11183
6789
6340
11484
3568
10660
7952
452
6321
7489
4255
5776
2557
8558
20
1850
7456
8289
274
10068
4594
4832
22
9867
1383
8397
2395
1925
4304
7279
10726
2427
5307
9253
8366
8389
5558
11389
3141
6713
8474
7142
11438
3840
1192
6160
3707
6171
2621
11055
6639
9150
7774
6091
10129
5822
7972
2959
8133
7495
7528
2446
9953
7454
6753
5488
5017
355
9975
8443
8635
4713
3253
7836
9026
8013
9185
10270
9156
329
1559
919
1552
9629
1224
4312
6096
2353
3763
1299
8774
2919
9295
1406
8638
7923
11153
7902
11194
758
9396
795
4026
1020
1960
565
2076
2352
1545
5594
4699
2347
1742
3423
9064
2751
1152
437
3511
6969
1313
10333
9593
8671
2140
341
1959
3077
9015
3480
9634
7750
3009
8552
3758
9371
3938
7597
8326
3586
6775
7128
8747
7757
4693
10890
6350
3357
695
7837
10250
3157
3490
321
11178
5706
1962
8663
2101
11279
7977
4289
8268
3783
4060
5053
3061
4813
4472
6657
200
1096
2872
4602
10235
7312
6257
5187
8401
8784
187
5060
392
514
1134
2485
596
1141
4939
6942
9938
1119
1079
7925
10958
8450
480
11135
5059
10473
8109
6971
10029
9272
9906
5585
5618
8753
10893
1445
11105
9784
7005
6367
4276
11152
10689
7097
8420
8487
6185
9416
4118
7685
6870
1477
2303
2196
11094
573
9738
10244
4786
10892
3098
2789
7815
500
2876
732
10008
9084
6836
10776
1461
9016
5652
932
5215
11091
9419
4383
3060
4614
10604
2940
674
9014
8371
8563
9622
5696
6425
10713
664
1604
9583
5386
5369
10012
1375
7241
5380
4357
10107
7374
3711
3908
1688
914
9595
1474
4283
4210
6176
1021
1455
8560
156
6515
1955
6832
5692
5319
652
1586
7393
10269
1834
4657
4615
10966
8447
8725
1200
4945
90
4416
4794
1631
7106
1673
10725
5731
10623
4885
2628
3909
10936
6640
255
11308
2691
9527
7139
4771
1578
4027
9516
10010
691
5260
10729
7673
8897
538
6256
3541
2136
7581
5321
5186
1629
10582
9626
11534
2298
4193
8895
3748
10482
7826
11002
6262
6675
1215
5985
1642
11548
10967
8240
6439
1791
2974
7270
2308
5668
10813
10357
8730
1282
6951
11032
3838
9196
11392
4099
7493
5739
3343
10637
5878
2073
7648
2739
505
10248
4784
7761
7990
4388
8968
10079
3863
3800
10669
4186
7633
8674
2438
3743
5292
80
5958
8444
9680
6153
4930
11205
7025
7715
5592
1801
1502
6608
10973
8089
3091
4529
7937
2547
4870
8650
8630
620
1935
1308
3787
6749
8594
5067
9130
2268
9514
1562
3606
10663
8793
7674
5454
9299
4319
4353
9733
1588
9809
5826
3272
11503
8017
1343
8471
5162
1342
10399
7408
4167
7486
9704
10298
9793
8633
1173
7264
1255
4279
11387
4537
1262
5984
4448
11475
5672
8588
11276
7028
8543
6306
8040
7978
6075
4661
11111
968
8605
5642
11269
9079
8202
4110
2398
5249
6274
5323
10670
10850
194
3240
7939
3170
2638
7120
3325
11017
9155
7401
2707
9541
6115
3745
7397
2792
10551
7051
7954
3718
3614
9244
4400
1035
8192
830
8185
7967
10053
9725
6869
5311
7697
6249
5038
4205
6266
1136
7522
5815
2898
10400
9974
3498
3243
3182
11478
5639
7991
2250
4941
8285
10017
4321
9163
462
3283
6342
2958
6188
9532
5228
4367
7861
2537
7915
2470
9563
8014
1851
6015
137
11035
3901
6970
5700
10366
3382
10993
3058
469
9411
5226
5831
513
9513
1246
9446
10923
4106
6426
6848
700
6838
10238
10622
11541
11507
6230
10162
9063
1368
7675
4542
10309
1024
8024
3583
10138
3124
7891
10549
5183
166
8408
3154
2946
4867
5663
8656
8000
7004
11396
4128
2860
8044
5688
5172
92
1649
114
10127
3108
425
3183
5337
2240
6315
11330
7568
9486
4880
278
6265
7575
8498
4422
3341
5208
3512
3099
3162
1467
4979
6129
4044
2554
8481
5750
2907
9696
3696
5587
11263
4593
1273
6821
6525
1142
65
2264
8354
5255
10742
10292
9353
2046
10956
8898
4931
2828
4666
5539
6368
3433
4613
10911
11046
3132
2903
2105
4241
1723
4630
3237
11477
9364
10912
4788
4021
10476
9579
1274
11282
3700
11245
9318
9068
9857
4679
5070
4500
10972
9731
9354
8167
6652
10299
2052
3053
996
7445
10184
3567
9261
6475
6107
7331
1753
7992
9648
2425
11187
5718
3782
6161
2646
9916
1165
3129
3897
7037
5355
10543
4599
10959
5045
6452
268
4779
10913
10871
5057
11517
508
11509
9653
4412
1198
385
8225
11001
5027
966
4294
10752
4555
6632
10192
4263
5314
9071
3669
4239
1536
1920
6580
6123
4803
9722
8007
2823
6578
8646
121
9333
1816
4341
7283
11090
4818
1706
8521
6362
660
10066
6650
357
6756
259
2295
6582
2890
9466
7376
9619
2333
9384
1177
2754
6599
391
11271
2241
9616
9234
8081
6002
1669
1001
8589
1126
8085
8155
5221
9943
1663
7823
7072
7879
8218
4631
8306
10218
4709
5312
8122
562
9436
5675
11131
11059
4387
3342
8250
11199
6872
4244
7234
558
2367
6190
8537
33
808
7705
844
3472
1946
11382
9988
3510
5854
8969
5230
10478
275
6698
2683
72
10260
9758
7231
7517
8632
8527
6458
